-2.500000000000000000e+01
-2.490215264187866850e+01
-2.480430528375733701e+01
-2.470645792563600907e+01
-2.460861056751467757e+01
-2.451076320939334607e+01
-2.441291585127201458e+01
-2.431506849315068663e+01
-2.421722113502935514e+01
-2.411937377690802364e+01
-2.402152641878669215e+01
-2.392367906066536065e+01
-2.382583170254403271e+01
-2.372798434442270121e+01
-2.363013698630136972e+01
-2.353228962818003822e+01
-2.343444227005871028e+01
-2.333659491193737878e+01
-2.323874755381604729e+01
-2.314090019569471579e+01
-2.304305283757338429e+01
-2.294520547945205635e+01
-2.284735812133072486e+01
-2.274951076320939336e+01
-2.265166340508806186e+01
-2.255381604696673037e+01
-2.245596868884540243e+01
-2.235812133072407093e+01
-2.226027397260273943e+01
-2.216242661448140794e+01
-2.206457925636007644e+01
-2.196673189823874850e+01
-2.186888454011741700e+01
-2.177103718199608551e+01
-2.167318982387475756e+01
-2.157534246575342607e+01
-2.147749510763209457e+01
-2.137964774951076308e+01
-2.128180039138943158e+01
-2.118395303326810364e+01
-2.108610567514677214e+01
-2.098825831702544065e+01
-2.089041095890410915e+01
-2.079256360078277766e+01
-2.069471624266144971e+01
-2.059686888454011822e+01
-2.049902152641878672e+01
-2.040117416829745522e+01
-2.030332681017612373e+01
-2.020547945205479579e+01
-2.010763209393346429e+01
-2.000978473581213279e+01
-1.991193737769080485e+01
-1.981409001956946980e+01
-1.971624266144814186e+01
-1.961839530332681036e+01
-1.952054794520547887e+01
-1.942270058708415092e+01
-1.932485322896281943e+01
-1.922700587084148793e+01
-1.912915851272015644e+01
-1.903131115459882494e+01
-1.893346379647749700e+01
-1.883561643835616550e+01
-1.873776908023483401e+01
-1.863992172211350251e+01
-1.854207436399217102e+01
-1.844422700587084307e+01
-1.834637964774951158e+01
-1.824853228962818008e+01
-1.815068493150684859e+01
-1.805283757338551709e+01
-1.795499021526418915e+01
-1.785714285714285765e+01
-1.775929549902152615e+01
-1.766144814090019821e+01
-1.756360078277886316e+01
-1.746575342465753522e+01
-1.736790606653620372e+01
-1.727005870841487223e+01
-1.717221135029354429e+01
-1.707436399217221279e+01
-1.697651663405088129e+01
-1.687866927592954980e+01
-1.678082191780821830e+01
-1.668297455968689036e+01
-1.658512720156555886e+01
-1.648727984344422737e+01
-1.638943248532289587e+01
-1.629158512720156438e+01
-1.619373776908023643e+01
-1.609589041095890494e+01
-1.599804305283757344e+01
-1.590019569471624372e+01
-1.580234833659491223e+01
-1.570450097847358251e+01
-1.560665362035225101e+01
-1.550880626223091951e+01
-1.541095890410958980e+01
-1.531311154598825830e+01
-1.521526418786692858e+01
-1.511741682974559708e+01
-1.501956947162426736e+01
-1.492172211350293587e+01
-1.482387475538160615e+01
-1.472602739726027465e+01
-1.462818003913894316e+01
-1.453033268101761344e+01
-1.443248532289628194e+01
-1.433463796477495222e+01
-1.423679060665362073e+01
-1.413894324853229101e+01
-1.404109589041095951e+01
-1.394324853228962802e+01
-1.384540117416829830e+01
-1.374755381604696680e+01
-1.364970645792563708e+01
-1.355185909980430559e+01
-1.345401174168297587e+01
-1.335616438356164437e+01
-1.325831702544031288e+01
-1.316046966731898316e+01
-1.306262230919765166e+01
-1.296477495107632194e+01
-1.286692759295499044e+01
-1.276908023483366073e+01
-1.267123287671232923e+01
-1.257338551859099951e+01
-1.247553816046966801e+01
-1.237769080234833652e+01
-1.227984344422700680e+01
-1.218199608610567530e+01
-1.208414872798434558e+01
-1.198630136986301409e+01
-1.188845401174168437e+01
-1.179060665362035287e+01
-1.169275929549902315e+01
-1.159491193737769166e+01
-1.149706457925636016e+01
-1.139921722113503044e+01
-1.130136986301369895e+01
-1.120352250489236923e+01
-1.110567514677103773e+01
-1.100782778864970801e+01
-1.090998043052837652e+01
-1.081213307240704502e+01
-1.071428571428571530e+01
-1.061643835616438380e+01
-1.051859099804305409e+01
-1.042074363992172259e+01
-1.032289628180039287e+01
-1.022504892367906137e+01
-1.012720156555772988e+01
-1.002935420743640016e+01
-9.931506849315068663e+00
-9.833659491193738944e+00
-9.735812133072407448e+00
-9.637964774951077729e+00
-9.540117416829746233e+00
-9.442270058708416514e+00
-9.344422700587085018e+00
-9.246575342465753522e+00
-9.148727984344423803e+00
-9.050880626223092307e+00
-8.953033268101762587e+00
-8.855185909980431092e+00
-8.757338551859099596e+00
-8.659491193737771653e+00
-8.561643835616440157e+00
-8.463796477495108661e+00
-8.365949119373777165e+00
-8.268101761252445669e+00
-8.170254403131117726e+00
-8.072407045009786231e+00
-7.974559686888454735e+00
-7.876712328767123239e+00
-7.778864970645791743e+00
-7.681017612524463800e+00
-7.583170254403132304e+00
-7.485322896281800809e+00
-7.387475538160469313e+00
-7.289628180039141370e+00
-7.191780821917809874e+00
-7.093933463796478378e+00
-6.996086105675146882e+00
-6.898238747553815386e+00
-6.800391389432487443e+00
-6.702544031311155948e+00
-6.604696673189824452e+00
-6.506849315068492956e+00
-6.409001956947165013e+00
-6.311154598825833517e+00
-6.213307240704502021e+00
-6.115459882583170526e+00
-6.017612524461839030e+00
-5.919765166340511087e+00
-5.821917808219179591e+00
-5.724070450097848095e+00
-5.626223091976516599e+00
-5.528375733855188656e+00
-5.430528375733857160e+00
-5.332681017612525665e+00
-5.234833659491194169e+00
-5.136986301369862673e+00
-5.039138943248534730e+00
-4.941291585127203234e+00
-4.843444227005871738e+00
-4.745596868884540243e+00
-4.647749510763212299e+00
-4.549902152641880804e+00
-4.452054794520549308e+00
-4.354207436399217812e+00
-4.256360078277886316e+00
-4.158512720156558373e+00
-4.060665362035226877e+00
-3.962818003913895382e+00
-3.864970645792563886e+00
-3.767123287671232390e+00
-3.669275929549904447e+00
-3.571428571428572951e+00
-3.473581213307241455e+00
-3.375733855185909960e+00
-3.277886497064582016e+00
-3.180039138943250521e+00
-3.082191780821919025e+00
-2.984344422700587529e+00
-2.886497064579256033e+00
-2.788649706457928090e+00
-2.690802348336596594e+00
-2.592954990215265099e+00
-2.495107632093933603e+00
-2.397260273972605660e+00
-2.299412915851274164e+00
-2.201565557729942668e+00
-2.103718199608611172e+00
-2.005870841487279677e+00
-1.908023483365951734e+00
-1.810176125244620238e+00
-1.712328767123288742e+00
-1.614481409001957246e+00
-1.516634050880625750e+00
-1.418786692759297807e+00
-1.320939334637966311e+00
-1.223091976516634816e+00
-1.125244618395303320e+00
-1.027397260273975377e+00
-9.295499021526438810e-01
-8.317025440313123852e-01
-7.338551859099808894e-01
-6.360078277886493936e-01
-5.381604696673214505e-01
-4.403131115459899547e-01
-3.424657534246584589e-01
-2.446183953033269631e-01
-1.467710371819990200e-01
-4.892367906066752425e-02
4.892367906066397154e-02
1.467710371819954673e-01
2.446183953033269631e-01
3.424657534246549062e-01
4.403131115459864020e-01
5.381604696673178978e-01
6.360078277886493936e-01
7.338551859099773367e-01
8.317025440313088325e-01
9.295499021526403283e-01
1.027397260273971824e+00
1.125244618395303320e+00
1.223091976516631263e+00
1.320939334637962759e+00
1.418786692759294255e+00
1.516634050880625750e+00
1.614481409001953693e+00
1.712328767123285189e+00
1.810176125244616685e+00
1.908023483365948181e+00
2.005870841487279677e+00
2.103718199608607620e+00
2.201565557729939115e+00
2.299412915851270611e+00
2.397260273972602107e+00
2.495107632093933603e+00
2.592954990215261546e+00
2.690802348336593042e+00
2.788649706457924538e+00
2.886497064579256033e+00
2.984344422700583976e+00
3.082191780821915472e+00
3.180039138943246968e+00
3.277886497064578464e+00
3.375733855185909960e+00
3.473581213307237903e+00
3.571428571428569398e+00
3.669275929549900894e+00
3.767123287671232390e+00
3.864970645792560333e+00
3.962818003913891829e+00
4.060665362035223325e+00
4.158512720156554821e+00
4.256360078277886316e+00
4.354207436399214259e+00
4.452054794520545755e+00
4.549902152641877251e+00
4.647749510763208747e+00
4.745596868884540243e+00
4.843444227005868186e+00
4.941291585127199681e+00
5.039138943248531177e+00
5.136986301369862673e+00
5.234833659491190616e+00
5.332681017612522112e+00
5.430528375733853608e+00
5.528375733855185103e+00
5.626223091976516599e+00
5.724070450097844542e+00
5.821917808219176038e+00
5.919765166340507534e+00
6.017612524461839030e+00
6.115459882583166973e+00
6.213307240704498469e+00
6.311154598825829964e+00
6.409001956947161460e+00
6.506849315068492956e+00
6.604696673189820899e+00
6.702544031311152395e+00
6.800391389432483891e+00
6.898238747553815386e+00
6.996086105675143330e+00
7.093933463796474825e+00
7.191780821917809874e+00
7.289628180039137817e+00
7.387475538160465760e+00
7.485322896281800809e+00
7.583170254403128752e+00
7.681017612524456695e+00
7.778864970645791743e+00
7.876712328767119686e+00
7.974559686888454735e+00
8.072407045009782678e+00
8.170254403131110621e+00
8.268101761252445669e+00
8.365949119373773613e+00
8.463796477495108661e+00
8.561643835616436604e+00
8.659491193737764547e+00
8.757338551859099596e+00
8.855185909980427539e+00
8.953033268101762587e+00
9.050880626223090530e+00
9.148727984344418473e+00
9.246575342465753522e+00
9.344422700587081465e+00
9.442270058708416514e+00
9.540117416829744457e+00
9.637964774951072400e+00
9.735812133072407448e+00
9.833659491193735391e+00
9.931506849315063334e+00
1.002935420743639838e+01
1.012720156555772633e+01
1.022504892367906137e+01
1.032289628180038932e+01
1.042074363992171726e+01
1.051859099804305231e+01
1.061643835616438025e+01
1.071428571428571530e+01
1.081213307240704324e+01
1.090998043052837119e+01
1.100782778864970624e+01
1.110567514677103418e+01
1.120352250489236923e+01
1.130136986301369717e+01
1.139921722113502511e+01
1.149706457925636016e+01
1.159491193737768810e+01
1.169275929549901605e+01
1.179060665362035110e+01
1.188845401174167904e+01
1.198630136986301409e+01
1.208414872798434203e+01
1.218199608610566997e+01
1.227984344422700502e+01
1.237769080234833297e+01
1.247553816046966801e+01
1.257338551859099596e+01
1.267123287671232390e+01
1.276908023483365895e+01
1.286692759295498689e+01
1.296477495107632194e+01
1.306262230919764988e+01
1.316046966731897783e+01
1.325831702544031288e+01
1.335616438356164082e+01
1.345401174168297587e+01
1.355185909980430381e+01
1.364970645792563175e+01
1.374755381604696680e+01
1.384540117416829474e+01
1.394324853228962269e+01
1.404109589041095774e+01
1.413894324853228568e+01
1.423679060665362073e+01
1.433463796477494867e+01
1.443248532289627661e+01
1.453033268101761166e+01
1.462818003913893961e+01
1.472602739726027465e+01
1.482387475538160260e+01
1.492172211350293054e+01
1.501956947162426559e+01
1.511741682974559353e+01
1.521526418786692858e+01
1.531311154598825652e+01
1.541095890410958447e+01
1.550880626223091951e+01
1.560665362035224746e+01
1.570450097847357540e+01
1.580234833659491045e+01
1.590019569471623839e+01
1.599804305283757344e+01
1.609589041095890138e+01
1.619373776908022933e+01
1.629158512720156438e+01
1.638943248532289232e+01
1.648727984344422737e+01
1.658512720156555531e+01
1.668297455968688325e+01
1.678082191780821830e+01
1.687866927592954625e+01
1.697651663405088129e+01
1.707436399217220924e+01
1.717221135029353718e+01
1.727005870841487223e+01
1.736790606653620017e+01
1.746575342465753522e+01
1.756360078277886316e+01
1.766144814090019111e+01
1.775929549902152615e+01
1.785714285714285410e+01
1.795499021526418204e+01
1.805283757338551709e+01
1.815068493150684503e+01
1.824853228962818008e+01
1.834637964774950802e+01
1.844422700587083597e+01
1.854207436399217102e+01
1.863992172211349896e+01
1.873776908023483401e+01
1.883561643835616195e+01
1.893346379647748989e+01
1.903131115459882494e+01
1.912915851272015288e+01
1.922700587084148793e+01
1.932485322896281588e+01
1.942270058708414382e+01
1.952054794520547887e+01
1.961839530332680681e+01
1.971624266144814186e+01
1.981409001956946980e+01
1.991193737769079775e+01
2.000978473581213279e+01
2.010763209393346074e+01
2.020547945205478868e+01
2.030332681017612373e+01
2.040117416829745167e+01
2.049902152641878672e+01
2.059686888454011466e+01
2.069471624266144261e+01
2.079256360078277766e+01
2.089041095890410560e+01
2.098825831702544065e+01
2.108610567514676859e+01
2.118395303326809653e+01
2.128180039138943158e+01
2.137964774951075952e+01
2.147749510763209457e+01
2.157534246575342252e+01
2.167318982387475046e+01
2.177103718199608551e+01
2.186888454011741345e+01
2.196673189823874850e+01
2.206457925636007644e+01
2.216242661448140439e+01
2.226027397260273943e+01
2.235812133072406738e+01
2.245596868884539532e+01
2.255381604696673037e+01
2.265166340508805831e+01
2.274951076320939336e+01
2.284735812133072130e+01
2.294520547945204925e+01
2.304305283757338429e+01
2.314090019569471224e+01
2.323874755381604729e+01
2.333659491193737523e+01
2.343444227005870317e+01
2.353228962818003822e+01
2.363013698630136616e+01
2.372798434442270121e+01
2.382583170254402916e+01
2.392367906066535710e+01
2.402152641878669215e+01
2.411937377690802009e+01
2.421722113502934803e+01
2.431506849315068308e+01
2.441291585127201103e+01
2.451076320939334607e+01
2.460861056751467402e+01
2.470645792563600196e+01
2.480430528375733701e+01
2.490215264187866495e+01
2.500000000000000000e+01
