0.000000000000000000e+00
1.002506265664160345e-02
2.005012531328320691e-02
3.007518796992481036e-02
4.010025062656641381e-02
5.012531328320801727e-02
6.015037593984962072e-02
7.017543859649122417e-02
8.020050125313282763e-02
9.022556390977443108e-02
1.002506265664160345e-01
1.102756892230576380e-01
1.203007518796992414e-01
1.303258145363408449e-01
1.403508771929824483e-01
1.503759398496240518e-01
1.604010025062656553e-01
1.704260651629072587e-01
1.804511278195488622e-01
1.904761904761904656e-01
2.005012531328320691e-01
2.105263157894736725e-01
2.205513784461152760e-01
2.305764411027568794e-01
2.406015037593984829e-01
2.506265664160400863e-01
2.606516290726816898e-01
2.706766917293232932e-01
2.807017543859648967e-01
2.907268170426065002e-01
3.007518796992481036e-01
3.107769423558897071e-01
3.208020050125313105e-01
3.308270676691729140e-01
3.408521303258145174e-01
3.508771929824561209e-01
3.609022556390977243e-01
3.709273182957393278e-01
3.809523809523809312e-01
3.909774436090225347e-01
4.010025062656641381e-01
4.110275689223057416e-01
4.210526315789473450e-01
4.310776942355889485e-01
4.411027568922305520e-01
4.511278195488721554e-01
4.611528822055137589e-01
4.711779448621553623e-01
4.812030075187969658e-01
4.912280701754385692e-01
5.012531328320801727e-01
5.112781954887217761e-01
5.213032581453633796e-01
5.313283208020049830e-01
5.413533834586465865e-01
5.513784461152881899e-01
5.614035087719297934e-01
5.714285714285713969e-01
5.814536340852130003e-01
5.914786967418546038e-01
6.015037593984962072e-01
6.115288220551378107e-01
6.215538847117794141e-01
6.315789473684210176e-01
6.416040100250626210e-01
6.516290726817042245e-01
6.616541353383458279e-01
6.716791979949874314e-01
6.817042606516290348e-01
6.917293233082706383e-01
7.017543859649122417e-01
7.117794486215538452e-01
7.218045112781954487e-01
7.318295739348370521e-01
7.418546365914786556e-01
7.518796992481202590e-01
7.619047619047618625e-01
7.719298245614034659e-01
7.819548872180450694e-01
7.919799498746866728e-01
8.020050125313282763e-01
8.120300751879698797e-01
8.220551378446114832e-01
8.320802005012530866e-01
8.421052631578946901e-01
8.521303258145362935e-01
8.621553884711778970e-01
8.721804511278195005e-01
8.822055137844611039e-01
8.922305764411027074e-01
9.022556390977443108e-01
9.122807017543859143e-01
9.223057644110275177e-01
9.323308270676691212e-01
9.423558897243107246e-01
9.523809523809523281e-01
9.624060150375939315e-01
9.724310776942355350e-01
9.824561403508771384e-01
9.924812030075187419e-01
1.002506265664160345e+00
1.012531328320801949e+00
1.022556390977443552e+00
1.032581453634085156e+00
1.042606516290726759e+00
1.052631578947368363e+00
1.062656641604009966e+00
1.072681704260651570e+00
1.082706766917293173e+00
1.092731829573934776e+00
1.102756892230576380e+00
1.112781954887217983e+00
1.122807017543859587e+00
1.132832080200501190e+00
1.142857142857142794e+00
1.152882205513784397e+00
1.162907268170426001e+00
1.172932330827067604e+00
1.182957393483709208e+00
1.192982456140350811e+00
1.203007518796992414e+00
1.213032581453634018e+00
1.223057644110275621e+00
1.233082706766917225e+00
1.243107769423558828e+00
1.253132832080200432e+00
1.263157894736842035e+00
1.273182957393483639e+00
1.283208020050125242e+00
1.293233082706766846e+00
1.303258145363408449e+00
1.313283208020050052e+00
1.323308270676691656e+00
1.333333333333333259e+00
1.343358395989974863e+00
1.353383458646616466e+00
1.363408521303258070e+00
1.373433583959899673e+00
1.383458646616541277e+00
1.393483709273182880e+00
1.403508771929824483e+00
1.413533834586466087e+00
1.423558897243107690e+00
1.433583959899749294e+00
1.443609022556390897e+00
1.453634085213032501e+00
1.463659147869674104e+00
1.473684210526315708e+00
1.483709273182957311e+00
1.493734335839598915e+00
1.503759398496240518e+00
1.513784461152882121e+00
1.523809523809523725e+00
1.533834586466165328e+00
1.543859649122806932e+00
1.553884711779448535e+00
1.563909774436090139e+00
1.573934837092731742e+00
1.583959899749373346e+00
1.593984962406014949e+00
1.604010025062656553e+00
1.614035087719298156e+00
1.624060150375939759e+00
1.634085213032581363e+00
1.644110275689222966e+00
1.654135338345864570e+00
1.664160401002506173e+00
1.674185463659147777e+00
1.684210526315789380e+00
1.694235588972430984e+00
1.704260651629072587e+00
1.714285714285714191e+00
1.724310776942355794e+00
1.734335839598997397e+00
1.744360902255639001e+00
1.754385964912280604e+00
1.764411027568922208e+00
1.774436090225563811e+00
1.784461152882205415e+00
1.794486215538847018e+00
1.804511278195488622e+00
1.814536340852130225e+00
1.824561403508771829e+00
1.834586466165413432e+00
1.844611528822055035e+00
1.854636591478696639e+00
1.864661654135338242e+00
1.874686716791979846e+00
1.884711779448621449e+00
1.894736842105263053e+00
1.904761904761904656e+00
1.914786967418546260e+00
1.924812030075187863e+00
1.934837092731829467e+00
1.944862155388471070e+00
1.954887218045112673e+00
1.964912280701754277e+00
1.974937343358395880e+00
1.984962406015037484e+00
1.994987468671679087e+00
2.005012531328320691e+00
2.015037593984962072e+00
2.025062656641603898e+00
2.035087719298245723e+00
2.045112781954887105e+00
2.055137844611528486e+00
2.065162907268170311e+00
2.075187969924812137e+00
2.085213032581453518e+00
2.095238095238094900e+00
2.105263157894736725e+00
2.115288220551378551e+00
2.125313283208019932e+00
2.135338345864661314e+00
2.145363408521303139e+00
2.155388471177944965e+00
2.165413533834586346e+00
2.175438596491227727e+00
2.185463659147869553e+00
2.195488721804511378e+00
2.205513784461152760e+00
2.215538847117794141e+00
2.225563909774435967e+00
2.235588972431077792e+00
2.245614035087719174e+00
2.255639097744360555e+00
2.265664160401002380e+00
2.275689223057644206e+00
2.285714285714285587e+00
2.295739348370926969e+00
2.305764411027568794e+00
2.315789473684210620e+00
2.325814536340852001e+00
2.335839598997493383e+00
2.345864661654135208e+00
2.355889724310777034e+00
2.365914786967418415e+00
2.375939849624059796e+00
2.385964912280701622e+00
2.395989974937343447e+00
2.406015037593984829e+00
2.416040100250626210e+00
2.426065162907268036e+00
2.436090225563909861e+00
2.446115288220551243e+00
2.456140350877192624e+00
2.466165413533834450e+00
2.476190476190476275e+00
2.486215538847117656e+00
2.496240601503759038e+00
2.506265664160400863e+00
2.516290726817042689e+00
2.526315789473684070e+00
2.536340852130325452e+00
2.546365914786967277e+00
2.556390977443609103e+00
2.566416040100250484e+00
2.576441102756891866e+00
2.586466165413533691e+00
2.596491228070175517e+00
2.606516290726816898e+00
2.616541353383458279e+00
2.626566416040100105e+00
2.636591478696741930e+00
2.646616541353383312e+00
2.656641604010024693e+00
2.666666666666666519e+00
2.676691729323308344e+00
2.686716791979949726e+00
2.696741854636591107e+00
2.706766917293232932e+00
2.716791979949874758e+00
2.726817042606516139e+00
2.736842105263157521e+00
2.746867167919799346e+00
2.756892230576441172e+00
2.766917293233082553e+00
2.776942355889723935e+00
2.786967418546365760e+00
2.796992481203007586e+00
2.807017543859648967e+00
2.817042606516290348e+00
2.827067669172932174e+00
2.837092731829573999e+00
2.847117794486215381e+00
2.857142857142856762e+00
2.867167919799498588e+00
2.877192982456140413e+00
2.887218045112781795e+00
2.897243107769423176e+00
2.907268170426065002e+00
2.917293233082706827e+00
2.927318295739348208e+00
2.937343358395989590e+00
2.947368421052631415e+00
2.957393483709273241e+00
2.967418546365914622e+00
2.977443609022556004e+00
2.987468671679197829e+00
2.997493734335839655e+00
3.007518796992481036e+00
3.017543859649122417e+00
3.027568922305764243e+00
3.037593984962406068e+00
3.047619047619047450e+00
3.057644110275688831e+00
3.067669172932330657e+00
3.077694235588972482e+00
3.087719298245613864e+00
3.097744360902255245e+00
3.107769423558897071e+00
3.117794486215538896e+00
3.127819548872180277e+00
3.137844611528821659e+00
3.147869674185463484e+00
3.157894736842105310e+00
3.167919799498746691e+00
3.177944862155388073e+00
3.187969924812029898e+00
3.197994987468671724e+00
3.208020050125313105e+00
3.218045112781954487e+00
3.228070175438596312e+00
3.238095238095238138e+00
3.248120300751879519e+00
3.258145363408520900e+00
3.268170426065162726e+00
3.278195488721804551e+00
3.288220551378445933e+00
3.298245614035087314e+00
3.308270676691729140e+00
3.318295739348370965e+00
3.328320802005012347e+00
3.338345864661653728e+00
3.348370927318295553e+00
3.358395989974937379e+00
3.368421052631578760e+00
3.378446115288220142e+00
3.388471177944861967e+00
3.398496240601503793e+00
3.408521303258145174e+00
3.418546365914786556e+00
3.428571428571428381e+00
3.438596491228070207e+00
3.448621553884711588e+00
3.458646616541352969e+00
3.468671679197994795e+00
3.478696741854636620e+00
3.488721804511278002e+00
3.498746867167919383e+00
3.508771929824561209e+00
3.518796992481203034e+00
3.528822055137844416e+00
3.538847117794485797e+00
3.548872180451127623e+00
3.558897243107769448e+00
3.568922305764410829e+00
3.578947368421052211e+00
3.588972431077694036e+00
3.598997493734335862e+00
3.609022556390977243e+00
3.619047619047618625e+00
3.629072681704260450e+00
3.639097744360902276e+00
3.649122807017543657e+00
3.659147869674185038e+00
3.669172932330826864e+00
3.679197994987468689e+00
3.689223057644110071e+00
3.699248120300751452e+00
3.709273182957393278e+00
3.719298245614035103e+00
3.729323308270676485e+00
3.739348370927317866e+00
3.749373433583959692e+00
3.759398496240601517e+00
3.769423558897242899e+00
3.779448621553884280e+00
3.789473684210526105e+00
3.799498746867167931e+00
3.809523809523809312e+00
3.819548872180450694e+00
3.829573934837092519e+00
3.839598997493734345e+00
3.849624060150375726e+00
3.859649122807017108e+00
3.869674185463658933e+00
3.879699248120300759e+00
3.889724310776942140e+00
3.899749373433583521e+00
3.909774436090225347e+00
3.919799498746867172e+00
3.929824561403508554e+00
3.939849624060149935e+00
3.949874686716791761e+00
3.959899749373433586e+00
3.969924812030074968e+00
3.979949874686716349e+00
3.989974937343358175e+00
4.000000000000000000e+00
